-0.314450 0.662022 0
-0.370503 -0.207405 0
0.430176 -0.997934 1
0.522222 0.850782 0
0.010905 0.321967 0
-0.726962 -0.079170 1
-0.365294 -0.123084 0
-0.969742 0.231674 0
0.967763 -0.340478 1
0.450419 -0.242408 1
-0.120034 -0.809610 1
-0.336339 -0.596401 0
-0.291228 0.557201 0
-0.266900 0.423044 0
0.756441 0.379895 0
-0.406721 -0.540430 0
-0.327258 0.455714 0
0.673482 -0.200430 0
-0.703530 -0.900707 1
0.406000 0.121589 1
0.674416 0.945446 0
-0.833088 0.923662 0
-0.601516 0.725106 0
0.890473 -0.993626 1
0.424887 -0.740147 1
-0.354657 -0.760596 0
0.471360 0.997597 0
-0.090947 0.361399 0
-0.626652 -0.962989 1
0.269844 0.040476 1
-0.761646 -0.687622 1
0.528542 -0.567603 1
-0.486930 -0.143912 1
-0.221924 -0.327272 0
-0.611468 -0.728366 1
0.269275 -0.742709 1
-0.104707 0.257710 0
0.916027 -0.212731 0
-0.408144 -0.409426 0
0.904009 -0.443593 0
0.857923 -0.595049 0
-0.205789 -0.632356 0
0.957937 -0.247808 0
0.902425 -0.560666 0
-0.146816 0.379622 0
0.461611 -0.284836 1
-0.194045 -0.665888 0
-0.030189 0.556373 0
-0.100314 0.350406 0
0.226959 0.785472 1
-0.339234 0.173233 0
0.870813 -0.328753 0
-0.480592 0.230031 0
-0.637691 0.088113 1
-0.201837 -0.916998 0
-0.536332 0.982994 0
-0.338803 0.980506 0
0.144097 0.316982 1
-0.249045 0.684135 0
0.766274 0.080287 0
-0.270733 0.120229 0
0.517760 0.098492 0
0.491343 -0.832301 1
0.611083 0.813839 0
-0.132250 0.992412 0
0.747579 0.770048 0
0.184584 -0.828034 1
0.138650 0.561017 1
0.743338 -0.724773 0
-0.987465 -0.586297 1
-0.261813 0.434535 0
-0.040096 -0.062587 0
0.367445 0.212250 1
0.201524 0.425811 1
0.979155 0.250792 0
0.903145 -0.615506 1
-0.126942 0.177912 0
0.896086 0.160327 0
-0.049061 -0.043605 0
0.182588 -0.215584 1
-0.524054 -0.492643 1
0.742098 0.366133 0
-0.917286 0.872768 0
-0.828883 0.770102 1
-0.227968 0.433868 0
-0.449419 0.344875 0
0.927608 -0.791949 1
-0.487211 -0.128512 1
-0.176495 0.841721 0
-0.219624 0.150300 0
0.535428 -0.003839 0
-0.262090 0.253895 0
0.125861 -0.715370 1
-0.165837 -0.214736 0
-0.713501 -0.640498 1
-0.769817 -0.544663 1
-0.264841 -0.727309 0
-0.776084 0.080123 1
-0.616615 -0.317929 1
0.552463 0.569175 0
-0.551842 -0.629325 1
-0.011711 0.738075 0
-0.999309 0.514150 0
-0.100900 -0.000078 0
0.432075 -0.049170 1
0.665863 0.961729 0
-0.269708 0.981686 0
0.017625 0.642898 0
0.899594 0.041983 0
0.224080 0.749327 1
0.118100 -0.207312 1
0.535088 -0.885174 1
0.899293 0.596632 0
0.010074 -0.731537 1
0.533255 -0.265207 1
0.815476 -0.697285 0
-0.368576 -0.010128 0
-0.818456 -0.199771 1
-0.034353 -0.546449 1
-0.470017 -0.637642 1
0.897908 0.827516 0
-0.501988 0.608076 0
0.993062 -0.899229 1
-0.510500 0.639025 0
-0.453886 -0.766500 1
-0.127292 0.943623 0
0.775729 0.823059 0
0.695769 0.201897 0
-0.989481 -0.542554 1
-0.428042 -0.482823 1
-0.193941 -0.217789 0
-0.593283 0.543047 1
0.201601 0.238142 1
-0.869768 0.288705 1
0.706007 -0.618066 0
-0.239029 0.111943 0
0.231093 -0.282078 1
0.575245 -0.949183 1
0.760216 0.543381 0
-0.915128 0.056885 1
-0.880254 0.321790 1
-0.326317 -0.309779 0
0.953750 0.031100 0
-0.738234 0.978380 1
-0.454040 0.424839 0
-0.286480 0.324627 0
0.407671 0.783825 0
0.019412 -0.488306 1
-0.652326 0.574785 1
-0.915471 0.347783 1
0.728132 -0.245651 0
0.751624 0.251976 0
0.306004 0.537823 1
0.127242 0.787240 0
-0.123295 -0.265734 0
-0.838645 -0.744466 1
-0.541661 -0.651432 1
-0.083985 0.786834 0
0.833162 -0.355297 0
0.155506 0.405928 1
0.688421 -0.179920 0
-0.818792 -0.978107 1
0.371656 -0.533931 1
-0.991995 -0.569816 1
0.614712 -0.183354 0
0.581411 -0.303207 0
-0.676662 0.801235 1
0.309018 0.206310 1
-0.838705 0.361365 1
0.609614 0.009182 0
-0.803127 -0.269009 1
0.294213 -0.080988 1
0.377668 -0.586918 1
-0.142215 -0.221394 0
0.552553 -0.542408 1
0.491497 0.085643 0
-0.772517 0.568621 1
0.547592 -0.682326 1
-0.527293 0.045177 1
-0.681672 -0.149428 1
-0.073705 0.157478 0
0.078135 0.551571 0
-0.092335 0.424773 0
0.039476 0.880007 0
-0.920199 -0.564069 1
-0.107999 -0.513725 0
0.301758 -0.315379 1
0.952447 -0.736888 1
-0.892677 0.045248 1
-0.335986 -0.801144 0
0.446778 0.297653 1
-0.645464 -0.498800 1
0.331412 0.662170 1
-0.892541 0.448663 1
0.141029 0.449671 1
0.391658 -0.264555 1
0.194894 -0.440599 1
-0.338133 0.705411 0
-0.245143 -0.427470 0
-0.904886 -0.024657 1
0.890689 -0.782966 1
0.730478 -0.414757 0
0.122147 0.829881 0
-0.893129 0.643524 0
-0.480584 -0.974384 1
-0.699288 0.252980 1
0.352976 0.003515 1
-0.857673 -0.647319 1
-0.489000 -0.426853 1
-0.324324 0.678337 0
-0.214737 0.381932 0
-0.039354 0.075929 0
-0.349114 0.677484 0
-0.819405 -0.051535 1
0.558977 -0.969811 1
0.489489 0.510199 0
0.994345 0.542864 0
-0.757332 -0.488632 1
0.536498 -0.760287 1
-0.759692 0.011430 1
0.249688 0.736825 1
-0.512690 0.413351 0
-0.645146 0.457582 1
-0.302017 0.007790 0
0.047044 0.944052 0
-0.298629 -0.592022 0
-0.552442 0.044760 1
0.991532 0.695166 0
0.051884 -0.740460 1
-0.444973 0.178696 0
-0.847191 -0.047054 1
0.498306 0.925384 0
0.370241 0.448364 1
-0.209718 -0.653228 0
0.055448 0.978975 0
0.855163 0.075111 0
0.627231 -0.998414 1
-0.017564 -0.574109 1
0.086261 0.212439 1
-0.432026 -0.530306 1
0.914242 0.217128 0
0.914693 0.247296 0
-0.986860 0.023899 1
0.376477 0.211048 1
-0.663962 0.567358 1
-0.793532 0.510832 1
-0.353704 -0.229188 0
-0.820746 0.431722 1
0.950547 0.928158 0
0.089554 -0.330336 1
0.301783 -0.746860 1
-0.060384 -0.244057 0
0.283279 0.796918 1
0.820382 -0.751885 0
0.029613 0.740654 0
0.037150 -0.427188 1
-0.906982 -0.415109 1
0.268499 -0.109177 1
-0.400932 0.023612 0
0.930082 0.368181 0
-0.978181 -0.647360 1
0.934001 0.731044 0
-0.412019 -0.175041 0
-0.628531 0.909186 0
0.897041 -0.685466 1
0.522264 0.387527 0
-0.773493 0.939610 1
0.723656 0.447630 0
0.907238 -0.637942 1
-0.122764 -0.229858 0
-0.601561 -0.042554 1
-0.112814 0.450039 0
-0.437520 -0.632233 1
-0.441551 -0.109157 0
0.614645 -0.688773 1
0.337376 0.942608 0
0.970395 -0.662539 1
0.378841 0.407657 1
-0.407673 0.134330 0
0.552328 -0.065883 0
-0.292011 -0.086213 0
-0.001829 -0.261309 1
0.010061 -0.866280 1
0.503343 0.601570 0
0.722168 0.990623 0
-0.156823 -0.325743 0
-0.103216 0.857181 0
-0.210689 -0.478988 0
-0.446442 -0.840492 1
0.431304 0.205127 1
0.860518 0.712228 0
-0.295829 -0.795988 0
-0.650312 -0.278860 1
-0.611387 -0.011678 1
-0.544614 0.570734 0
0.897966 -0.426791 0
0.737201 0.563779 0
0.187580 0.578601 1
-0.115973 0.398438 0
-0.737711 0.229179 1
0.799611 -0.622522 0
0.981579 -0.911871 1
-0.925168 -0.548881 1
-0.782396 0.611495 1
0.594863 0.005170 0
0.937992 -0.832727 1
0.979700 0.716350 0
0.216702 0.041016 1
0.385357 0.070138 1
-0.120835 -0.692708 1
-0.015510 -0.711435 1
-0.141805 -0.421624 0
0.825336 -0.596773 0
0.417855 -0.906827 1
0.934115 -0.466797 1
-0.444305 -0.706124 1
-0.525377 -0.202673 1
0.160236 0.491494 1
0.499259 -0.422450 1
-0.395942 0.972305 0
-0.120121 -0.849454 1
0.935803 0.207287 0
0.703093 0.789805 0
-0.500200 0.093325 0
-0.117050 -0.860064 1
-0.059480 0.508293 0
0.193867 -0.799566 1
0.215766 -0.758089 1
-0.834707 -0.630386 1
-0.098777 -0.011934 0
0.610585 0.379183 0
-0.399056 -0.958815 1
0.974588 0.500734 0
-0.547299 -0.139358 1
-0.815197 -0.614017 1
-0.866794 0.722436 1
0.089087 -0.860348 1
-0.238538 -0.245451 0
-0.312087 -0.552026 0
0.016862 -0.441233 1
0.335421 -0.747605 1
0.993132 0.698852 0
0.836647 -0.861987 1
0.399482 -0.947791 1
-0.041820 -0.145521 0
0.715907 -0.072252 0
0.896518 0.364308 0
-0.340655 -0.167018 0
-0.314453 0.355835 0
0.799351 0.621922 0
0.680592 -0.239829 0
-0.294059 -0.901368 0
-0.133770 0.916913 0
0.147297 -0.771973 1
-0.521643 -0.971284 1
0.284622 -0.144521 1
0.085395 0.730292 0
-0.494443 -0.265689 1
0.129784 -0.923916 1
0.563206 0.050286 0
-0.799523 -0.418491 1
-0.594984 -0.769217 1
0.232914 -0.245145 1
-0.186302 -0.139730 0
-0.225125 0.065299 0
0.142044 0.820762 0
-0.624826 -0.995858 1
-0.275677 -0.209559 0
-0.509974 0.431983 0
0.010611 0.331634 0
-0.372923 -0.433919 0
0.650520 -0.157116 0
-0.970658 -0.608249 1
-0.369586 0.796746 0
-0.512351 0.634894 0
0.604001 0.167290 0
-0.323653 0.364581 0
-0.071701 -0.634407 1
0.305265 -0.369570 1
0.087973 -0.700879 1
-0.520953 0.976651 0
-0.457877 -0.799243 1
0.884604 -0.309325 0
0.175132 -0.482565 1
-0.314862 -0.168999 0
0.550411 -0.413141 1
-0.412933 0.785592 0
0.410943 -0.992986 1
-0.725770 0.281465 1
0.744234 -0.485388 0
0.919664 0.905183 0
-0.459074 0.372223 0
0.655104 -0.277281 0
0.863932 -0.627309 0
-0.956031 -0.272377 1
0.244826 0.413615 1
-0.958540 0.144030 1
-0.388062 0.875778 0
-0.325406 0.650056 0
0.589951 -0.769046 1
-0.121511 -0.560136 0
0.885619 -0.668890 1
0.105636 -0.102655 1
0.962516 0.583342 0
0.345357 0.231240 1
0.506441 0.228066 0
-0.015059 0.309121 0
0.522527 0.521258 0
-0.660343 0.924479 0
-0.879343 0.280851 1
0.737370 0.687321 0
-0.593955 -0.465215 1
0.722004 -0.207706 0
-0.518849 -0.792786 1
-0.721786 0.397797 1
-0.481198 -0.683271 1
-0.217263 0.951676 0
-0.589783 0.725936 0
0.810230 0.451027 0
-0.125161 0.302136 0
0.028579 0.339432 0
-0.276404 0.046780 0
-0.222937 0.647879 0
0.529979 0.958546 0
-0.059848 -0.383877 1
0.618863 0.180335 0
-0.528160 -0.800977 1
-0.981000 -0.554286 1
-0.743027 -0.807832 1
0.056762 0.362955 0
-0.704148 -0.186617 1
0.426770 -0.651582 1
0.380023 -0.885303 1
-0.031516 0.504038 0
-0.603497 -0.572281 1
-0.627877 -0.986144 1
-0.477800 -0.529194 1
-0.334263 -0.317626 0
-0.790636 0.532147 1
0.005171 -0.466315 1
-0.824076 -0.778504 1
-0.106162 0.072481 0
0.585696 -0.237875 0
0.114898 -0.681381 1
-0.577852 -0.605882 1
0.011425 0.903559 0
0.949830 -0.332188 1
-0.169758 -0.907571 1
0.962544 -0.398704 1
-0.696979 -0.963596 1
0.873997 -0.097898 0
-0.672476 0.564722 1
-0.873124 -0.760980 1
-0.629199 -0.545200 1
-0.930048 0.477564 0
0.092981 0.204887 1
-0.486437 -0.929093 1
0.115249 0.692969 0
0.768461 0.967065 0
-0.581896 0.041783 1
0.418482 -0.115789 1
0.820618 -0.610135 0
-0.079606 0.102356 0
0.843004 -0.966787 1
-0.650877 0.921042 0
0.307514 -0.047914 1
-0.659154 -0.623426 1
-0.967525 0.710178 0
0.351729 0.615321 1
0.959559 0.885114 0
0.439387 0.335282 1
0.953235 0.658980 0
0.913712 0.620920 0
0.447854 0.832523 0
0.616906 0.225697 0
-0.082708 -0.157523 0
-0.379221 -0.275139 0
0.304837 0.971877 0
0.551356 0.157155 0
-0.719206 0.932666 1
-0.223984 -0.399759 0
-0.468449 -0.405505 1
-0.467383 -0.185579 0
0.300389 -0.328345 1
0.277286 -0.650299 1
0.568064 0.471476 0
-0.448305 -0.139879 0
0.491405 -0.864469 1
-0.598312 0.983619 0
-0.759564 -0.511874 1
0.234376 0.436690 1
-0.235101 0.555727 0
-0.314937 0.058548 0
-0.157313 -0.835238 1
-0.061602 -0.432907 1
-0.219010 -0.496120 0
-0.992090 0.209034 0
-0.931899 0.290511 1
0.423324 0.618873 0
0.427327 -0.257723 1
-0.458607 0.411041 0
0.009900 0.533272 0
-0.046564 0.630197 0
0.515248 0.580578 0
-0.087318 0.598028 0
0.303801 -0.206107 1
-0.162182 0.053588 0
-0.348409 0.895828 0
0.462134 -0.408567 1
0.047781 0.305402 0
-0.208518 0.354155 0
-0.953648 -0.192016 1
0.285786 0.462397 1
-0.179651 -0.367420 0
0.015822 0.753442 0
-0.796669 -0.898983 1
0.457215 0.324243 0
-0.609963 -0.989715 1
-0.532266 -0.848111 1
0.064574 0.124563 1
-0.137409 0.349597 0
0.821738 -0.348099 0
-0.626247 -0.982714 1
0.094853 0.086974 1
0.595886 -0.796754 1
0.470464 -0.665969 1
-0.997050 -0.249215 1
-0.020465 -0.103107 0
-0.889685 0.432679 1
-0.607443 -0.118428 1
0.517844 0.114762 0
-0.706422 -0.083426 1
-0.197765 0.692788 0
-0.711381 -0.944604 1
0.538669 0.865039 0
0.338034 0.995296 0
-0.809190 -0.334339 1
-0.886470 0.610378 1
-0.348445 0.959337 0
0.964171 0.814558 0
0.786781 0.088543 0
-0.634748 -0.479290 1
0.363337 -0.820746 1
-0.320387 -0.946999 1
0.998283 -0.211100 1
0.242419 -0.614768 1
-0.950989 -0.731507 1
0.618691 0.452984 0
0.295743 -0.987054 1
0.802706 -0.469206 0
0.487555 0.488622 0
0.290141 -0.490791 1
-0.906021 -0.571496 1
0.433858 0.433006 0
0.456843 -0.780136 1
0.808134 -0.317438 0
-0.577711 -0.335856 1
0.838304 0.922958 0
-0.003155 0.358455 0
0.040830 0.442550 0
0.143921 -0.994357 1
-0.881253 -0.143518 1
-0.837358 -0.935173 1
-0.637404 -0.436209 1
-0.110121 0.601170 0
-0.013658 0.004479 0
-0.439329 -0.166391 0
-0.434081 -0.950052 1
-0.260709 0.055772 0
0.204399 -0.137361 1
0.648749 -0.704883 0
-0.973894 -0.908029 1
0.143062 -0.682283 1
-0.416687 -0.028227 0
-0.695454 -0.103137 1
-0.954275 0.826199 0
0.738457 -0.540924 0
0.395178 -0.794087 1
0.984838 -0.513364 1
0.300642 -0.672867 1
0.489055 -0.611560 1
-0.803041 -0.789197 1
0.626984 -0.136604 0
-0.758684 0.106072 1
0.663198 -0.296449 0
0.464621 0.975812 0
-0.493625 -0.459147 1
-0.265443 0.000631 0
-0.583766 0.177408 1
-0.214071 -0.030289 0
0.015606 -0.746994 1
0.517844 0.829242 0
0.368830 -0.392042 1
-0.547060 0.804676 0
0.893904 -0.016625 0
-0.438227 0.771725 0
0.540534 0.580601 0
0.798726 -0.154715 0
-0.372759 0.575486 0
-0.641608 0.902990 0
-0.057805 0.526375 0
0.659104 -0.576557 0
0.572555 0.231603 0
-0.479234 -0.930770 1
0.098570 0.204502 1
-0.973743 -0.614197 1
-0.832279 -0.812385 1
0.027229 0.302093 0
0.088650 -0.437698 1
0.553693 -0.030807 0
-0.193952 0.580524 0
0.140084 -0.594842 1
-0.803435 -0.483284 1
0.247337 -0.360303 1
-0.278376 0.112888 0
0.323970 0.957513 0
0.297937 0.675092 1
0.976485 -0.758998 1
0.566733 -0.452889 1
0.656798 -0.205501 0
0.088950 -0.800472 1
-0.434112 0.908436 0
-0.700196 -0.143988 1
-0.180555 0.363742 0
0.139337 -0.384703 1
-0.579840 -0.231945 1
-0.320541 0.826510 0
0.744031 -0.293478 0
0.525677 -0.015150 0
0.034514 0.125020 1
0.328194 0.956685 0
0.643942 0.569508 0
-0.046439 0.477291 0
0.051962 -0.834270 1
-0.295557 0.052834 0
0.914748 -0.626656 1
-0.291690 -0.052743 0
-0.135699 -0.420799 0
-0.286702 0.663184 0
-0.772105 -0.529391 1
0.742688 -0.815143 0
-0.546729 -0.952713 1
0.943507 0.189837 0
0.634461 -0.261251 0
0.200920 0.936990 1
-0.454050 0.667304 0
-0.223304 0.500960 0
-0.760429 -0.744264 1
0.858194 0.178126 0
0.814369 0.548763 0
-0.132910 -0.444366 0
-0.932292 -0.598695 1
-0.863969 0.540233 1
0.475032 -0.449870 1
-0.260062 -0.195205 0
0.279645 0.865806 1
-0.129174 0.765473 0
0.461947 -0.615134 1
0.645001 -0.976862 1
0.421736 0.417138 1
0.669028 0.251742 0
-0.946960 -0.791658 1
-0.868366 -0.915714 1
-0.718888 -0.464632 1
-0.358335 0.294966 0
-0.943002 -0.057844 1
0.831082 -0.304565 0
0.921734 0.320053 0
-0.911010 0.653289 0
-0.227760 0.255205 0
0.208644 -0.496576 1
0.195017 0.111228 1
-0.464955 -0.905405 1
0.859497 0.222633 0
0.603366 -0.731649 1
-0.936603 0.393861 0
-0.856849 0.163028 1
0.425020 0.478784 0
0.872720 0.769423 0
-0.330651 -0.495268 0
0.675350 -0.070931 0
0.437836 -0.475982 1
-0.617739 -0.796688 1
0.214803 0.957542 1
0.935257 0.745562 0
0.275747 0.053469 1
-0.030937 0.137547 0
-0.110750 0.908815 0
-0.199262 -0.840736 0
0.503211 0.762944 0
-0.125519 -0.544620 0
-0.660700 -0.395825 1
-0.519875 -0.753721 1
-0.345411 0.110511 0
0.629481 -0.222226 0
-0.906339 0.680072 0
-0.618838 -0.601813 1
0.209939 0.602177 1
0.775460 -0.648371 0
-0.522958 0.075851 1
-0.399890 -0.341096 0
0.724704 -0.922444 0
-0.242730 -0.989727 0
0.369454 -0.970136 1
0.698899 -0.498120 0
0.577820 -0.998570 1
0.725581 0.869716 0
0.579701 0.649757 0
0.430922 0.173988 1
0.338018 -0.593238 1
0.280499 -0.031205 1
-0.611094 -0.523057 1
0.377009 -0.280022 1
-0.033488 0.785520 0
0.107732 0.571831 1
0.059264 0.665390 0
-0.037032 -0.489083 1
-0.726225 -0.407083 1
0.877999 0.301561 0
0.772606 0.737021 0
0.927245 -0.793490 1
-0.156114 -0.443982 0
-0.676719 0.430868 1
0.993373 -0.447930 1
-0.619986 0.596002 1
-0.403196 0.043437 0
0.554335 0.265288 0
0.636690 -0.971937 1
0.687648 -0.802687 0
0.656878 0.908903 0
0.835327 0.470094 0
-0.784707 0.142386 1
-0.817635 0.659035 1
0.201469 0.140687 1
-0.640236 0.681594 1
0.581150 0.782376 0
0.379178 -0.988449 1
0.202547 -0.879914 1
0.770272 -0.810962 0
0.857618 -0.886938 1
0.320737 0.070125 1
-0.654408 -0.085196 1
-0.270701 -0.859662 0
-0.914798 0.732266 0
0.243680 -0.073705 1
0.319694 -0.339693 1
-0.096959 -0.229929 0
-0.214341 -0.846903 0
-0.262549 -0.949700 0
-0.535124 0.974832 0
0.641009 -0.524196 0
0.234714 0.944483 1
-0.314179 -0.733149 0
-0.643616 0.674976 1
-0.775158 -0.128886 1
0.323264 -0.604047 1
0.788189 -0.687860 0
0.596611 -0.045604 0
-0.204693 0.298526 0
0.791215 -0.222803 0
0.426328 0.713735 0
0.604505 -0.330135 0
0.967121 -0.037012 0
0.733429 0.088607 0
0.195585 0.347255 1
0.146720 -0.114793 1
-0.086219 0.609854 0
-0.608398 0.130363 1
0.864140 0.400564 0
-0.755314 0.732487 1
-0.350187 0.836513 0
0.262113 -0.501650 1
0.513145 0.977528 0
-0.749154 0.524105 1
0.014442 -0.678493 1
0.992355 -0.785280 1
0.903686 0.692115 0
0.261717 -0.583390 1
-0.782772 0.335466 1
0.048123 -0.823202 1
0.718133 -0.828119 0
-0.291886 -0.162264 0
0.752230 0.487063 0
-0.108285 0.259762 0
0.689471 -0.334224 0
0.530094 0.997112 0
0.790199 0.768031 0
0.879526 -0.368987 0
0.692688 -0.329437 0
0.437494 -0.567460 1
-0.713101 0.722070 1
0.582648 0.676423 0
0.301539 -0.065343 1
0.446326 -0.980789 1
0.525961 0.273651 0
-0.304485 -0.760570 0
0.862246 -0.908437 1
0.051689 -0.894252 1
-0.156475 0.958274 0
-0.414911 -0.684771 1
0.943877 0.293814 0
-0.834486 -0.518270 1
0.236809 -0.040955 1
-0.369766 0.123459 0
-0.030864 -0.341609 1
0.061710 0.776103 0
-0.393355 0.877872 0
0.734770 0.783831 0
-0.722179 0.546106 1
-0.640519 0.573566 1
-0.469816 0.976582 0
0.504922 -0.320812 1
0.425881 -0.117525 1
-0.111966 -0.878727 1
0.612529 0.445708 0
0.925651 -0.593198 1
0.553648 0.509857 0
-0.279517 -0.829313 0
0.619326 0.083970 0
-0.769514 -0.897264 1
0.570117 -0.611160 1
-0.485407 0.757740 0
-0.413712 0.731921 0
0.299971 0.875505 1
-0.193043 -0.192836 0
0.293938 0.567078 1
0.658332 -0.028373 0
-0.077010 0.705632 0
-0.432474 -0.210756 0
-0.878107 -0.530665 1
-0.678942 -0.879138 1
-0.437764 0.188576 0
0.842329 0.150927 0
0.549312 -0.816725 1
0.112771 0.316674 1
0.440211 0.070378 1
-0.354485 -0.491998 0
0.284962 -0.108956 1
0.550849 -0.448880 1
-0.993442 -0.099764 1
0.694105 0.002155 0
0.957617 0.135289 0
-0.334009 -0.788540 0
-0.347487 0.899752 0
0.953433 0.792055 0
-0.279842 -0.445394 0
0.589660 0.585887 0
0.858504 0.146991 0
-0.094855 0.979690 0
-0.552934 0.708984 0
0.921353 -0.125320 0
-0.763451 0.354242 1
-0.245920 -0.277414 0
-0.153734 0.406350 0
-0.549169 -0.425981 1
0.929658 -0.099685 0
-0.406533 0.400221 0
-0.068366 -0.730379 1
-0.502428 -0.843215 1
0.976748 -0.814418 1
0.415546 -0.855960 1
0.913073 0.443335 0
0.271755 0.196234 1
0.119360 0.665308 1
0.491770 0.979308 0
-0.018659 -0.054611 0
0.496910 -0.964933 1
0.922216 0.817878 0
-0.669660 0.512858 1
0.030194 0.114339 1
0.570120 0.402610 0
0.823060 -0.108166 0
0.636627 0.763765 0
0.096398 -0.506588 1
-0.760239 0.199151 1
-0.341892 0.383923 0
0.940476 0.492813 0
0.492092 -0.523365 1
0.405003 0.488844 1
-0.602370 -0.488583 1
-0.172565 -0.820099 0
0.913072 0.973432 0
0.277197 0.057677 1
0.322731 0.282581 1
0.313528 -0.540086 1
0.950870 -0.661131 1
-0.048759 -0.391200 1
0.070208 -0.621438 1
0.924861 0.895975 0
0.216434 -0.670468 1
0.130485 0.634275 1
0.625401 -0.346385 0
-0.431291 0.530603 0
0.679840 -0.777326 0
-0.558585 -0.211253 1
0.769575 -0.757011 0
0.852386 0.209127 0
0.455885 0.549468 0
-0.748260 0.255753 1
0.258551 0.562897 1
0.820001 0.463426 0
-0.216862 0.852590 0
-0.406622 0.130766 0
0.172065 -0.488079 1
-0.546619 -0.347827 1
-0.769535 -0.425791 1
0.549406 -0.156967 0
0.674273 0.477743 0
0.515036 0.552779 0
0.633187 -0.809695 1
0.182123 -0.942972 1
0.608333 -0.291767 0
0.087133 0.429319 1
0.788720 0.066305 0
-0.602851 0.251006 1
-0.021213 0.366692 0
0.009671 0.382177 0
-0.656402 -0.859731 1
-0.173049 -0.849359 0
0.130109 -0.673412 1
-0.853007 -0.645110 1
-0.567914 -0.159110 1
0.574048 0.838047 0
0.841701 -0.607678 0
0.572368 -0.669248 1
-0.643859 -0.053072 1
0.826655 -0.124207 0
-0.555685 0.398893 0
0.921545 -0.401778 0
-0.970021 0.294901 0
0.324090 -0.948122 1
0.395522 -0.003706 1
0.794192 -0.101057 0
-0.710775 0.443831 1
0.886382 0.506278 0
-0.386944 0.187803 0
-0.272266 -0.435114 0
-0.296141 0.133052 0
0.749611 0.485406 0
-0.619670 0.651465 1
0.079392 0.262971 1
-0.639954 0.892922 0
0.755704 -0.508885 0
-0.910564 -0.871334 1
-0.862553 0.440904 1
0.945442 0.610142 0
0.088129 0.193668 1
0.750477 0.090918 0
0.300811 0.602044 1
-0.808447 -0.266993 1
-0.328044 0.488367 0
0.562384 -0.400757 1
0.749518 -0.519621 0
0.621545 0.710390 0
-0.458768 -0.194914 0
-0.272184 -0.412892 0
0.666809 0.392784 0
0.323908 -0.268057 1
0.792475 -0.204405 0
-0.734089 -0.444470 1
-0.110327 -0.810583 1
0.778835 0.435807 0
-0.043622 -0.011999 0
-0.542879 -0.802899 1
-0.714377 0.226211 1
0.759160 0.576785 0
0.878453 0.153833 0
0.675610 0.357871 0
0.208476 -0.286487 1
0.700041 0.545230 0
0.596733 0.621754 0
-0.317701 -0.801223 0
0.845617 -0.875660 1
-0.879280 -0.274111 1
-0.509245 -0.075914 1
-0.973260 0.116938 1
0.418607 -0.896357 1
-0.665875 0.307211 1
0.253134 0.332189 1
-0.640763 0.915053 0
0.328464 0.016588 1
-0.069767 0.168603 0
-0.729332 0.176664 1
0.667498 0.376304 0
-0.642938 0.078613 1
0.799026 -0.704466 0
0.163744 0.692942 1
0.998749 0.918420 0
0.335902 -0.404642 1
-0.321308 0.024821 0
-0.499453 0.496606 0
0.132519 -0.222004 1
0.675747 0.145190 0
0.161682 0.535612 1
0.249651 -0.723760 1
0.733425 0.608054 0
0.816914 -0.519912 0
0.211910 0.498914 1
-0.838434 0.354580 1
0.209929 -0.682022 1
0.028112 0.318871 0
0.780419 -0.262275 0
-0.752578 0.989418 1
-0.332217 -0.582016 0
0.774512 0.538494 0
0.035424 0.988334 0
0.444415 -0.955859 1
0.923663 0.684658 0
0.120686 -0.654585 1
0.451123 -0.355893 1
-0.723579 -0.243227 1
-0.732884 -0.503707 1
-0.334990 0.801405 0
0.350815 -0.885538 1
-0.441311 0.655661 0
0.534976 0.414492 0
-0.759394 0.945960 1
-0.893902 0.923373 0
-0.846611 -0.440014 1
0.415370 -0.313385 1
-0.071294 0.025330 0
0.196079 -0.514524 1
0.607525 -0.181385 0
-0.541659 0.070584 1
-0.670238 0.996564 0
-0.311565 -0.307593 0
-0.207277 -0.390456 0
0.221443 0.741199 1
-0.397509 0.690035 0
0.125637 -0.434040 1
0.597750 0.069757 0
0.388630 -0.357821 1
0.157522 -0.249272 1
0.383389 -0.044281 1
-0.512202 -0.183146 1
0.170538 0.787732 1
0.185338 -0.326092 1
-0.938825 0.997211 0
0.449524 -0.385906 1
-0.708892 -0.964934 1
-0.783035 -0.366105 1
-0.074593 -0.535424 1
0.894056 -0.895082 1
-0.595969 -0.120781 1
-0.867701 -0.195063 1
-0.338134 0.570366 0
0.615372 0.604199 0
-0.362133 -0.192104 0
-0.486243 -0.820929 1
0.967258 -0.768993 1
-0.068658 -0.293898 0
0.299215 -0.411064 1
-0.360784 -0.173725 0
-0.006352 0.169919 0
0.142057 -0.980346 1
0.510847 -0.416820 1
0.015466 0.704242 0
-0.664833 0.800851 1
0.373839 -0.924079 1
0.102471 -0.235725 1
0.182162 0.246499 1
-0.984077 0.072986 1
-0.161156 -0.961401 1
0.641324 0.194065 0
-0.762193 -0.472253 1
-0.660540 -0.416346 1
-0.892238 0.285321 1
-0.499989 -0.026161 1
-0.933540 -0.270303 1
-0.325801 0.310656 0
-0.759730 -0.275227 1
-0.059430 -0.139640 0
-0.997500 0.542246 0
0.286847 0.925545 1
0.419735 -0.338254 1
0.032410 -0.180658 1
0.992250 0.390190 0
-0.977926 -0.385340 1
-0.247934 -0.683319 0
0.410552 0.004147 1
-0.979123 0.210320 0
0.141470 -0.206295 1
0.580434 0.532871 0
-0.282020 -0.069657 0
-0.888278 0.261844 1
0.760066 -0.728482 0
-0.513079 0.047616 1
0.614574 -0.084179 0
-0.032251 0.182225 0
-0.602784 -0.407760 1
0.051222 -0.009522 1
0.055303 -0.929095 1
0.251830 0.111880 1
-0.591205 0.624009 0
0.045367 -0.611989 1
0.531303 0.536596 0
0.985777 0.108720 0
0.035795 -0.771103 1
-0.756996 -0.568389 1
-0.494612 -0.053655 1
-0.362199 -0.545551 0
-0.071413 -0.254779 0
0.703121 -0.457498 0
-0.707918 0.885923 1
-0.457121 -0.996825 1
-0.009481 -0.060355 1
0.381210 -0.396982 1
-0.533204 -0.396289 1
0.889638 -0.536839 0
-0.839774 0.105848 1
-0.610826 -0.016900 1
0.173400 -0.550504 1
-0.255356 -0.314326 0
-0.541911 -0.486743 1
-0.527917 0.301092 0
0.439797 0.092583 1
0.317431 0.612506 1
0.485835 0.753391 0
0.346147 -0.056103 1
0.122658 0.898566 0
-0.598579 0.099352 1
0.203635 0.937009 1
-0.107693 0.135030 0
-0.217027 -0.934234 0
-0.464827 0.159306 0
-0.831109 0.787664 1
-0.873780 -0.506112 1
0.287517 -0.055729 1
-0.906275 0.980802 0
-0.016793 0.661807 0
0.449929 -0.647891 1
-0.811258 -0.148698 1
0.875840 0.616876 0
-0.551562 -0.392354 1
-0.474699 -0.460129 1
0.334689 -0.172890 1
-0.357406 0.843702 0
-0.413603 0.018809 0
-0.108939 0.491514 0
0.412765 -0.456130 1
-0.377122 -0.280747 0
-0.723123 0.905817 1
-0.111087 0.983871 0
0.832007 -0.885972 1
-0.525039 -0.258734 1
-0.274001 0.019613 0
0.565028 0.529741 0
-0.529489 0.391750 0
-0.552713 0.827019 0
0.076965 -0.232785 1
-0.933984 -0.593949 1
-0.694312 -0.130854 1
-0.970269 0.744190 0
0.507389 0.208145 0
-0.061532 0.512669 0
0.665941 -0.587453 0
-0.369135 -0.651876 0
0.919929 0.915474 0
0.157436 -0.676182 1
0.637515 0.754982 0
0.210357 -0.261446 1
-0.876128 -0.812785 1
0.162060 -0.873240 1
-0.855673 0.576049 1
0.171845 0.176459 1
-0.817068 -0.481058 1
-0.098681 -0.730345 1
0.605075 -0.620090 1
0.806373 0.016146 0
-0.537147 -0.652513 1
0.797706 0.341629 0
0.578974 -0.182193 0
-0.641903 0.447683 1
0.327880 0.769767 1
-0.631747 0.653371 1
0.453680 -0.784096 1
0.661494 -0.834506 0
-0.789642 -0.318562 1
0.876130 0.934138 0
-0.556545 -0.673973 1
0.486189 -0.807729 1
0.446686 0.697695 0
0.649785 -0.665651 0
0.562644 0.228660 0
-0.328650 0.156894 0
-0.527617 0.847997 0
0.985320 0.156909 0
-0.914430 0.533684 0
-0.015888 0.670767 0
-0.636973 0.265963 1
0.535162 0.015735 0
0.745563 0.827511 0
-0.009319 -0.573429 1
0.242558 -0.383764 1
-0.645461 0.743705 1
-0.380332 -0.150408 0
0.532257 0.625134 0
0.315012 -0.246661 1
0.277583 -0.634895 1
0.611743 0.037801 0
0.579966 0.619208 0
0.921925 -0.639852 1
-0.869600 0.119256 1
0.537807 0.071271 0
0.535122 -0.239721 1
-0.421104 0.219396 0
-0.063696 0.317308 0
0.276828 -0.922841 1
-0.284571 -0.154014 0
-0.376976 -0.923964 1
-0.413412 0.905760 0
0.722754 0.442639 0
-0.582928 0.183825 1
0.037479 0.526486 0
0.870580 -0.662613 0
-0.786972 -0.810270 1
-0.600007 -0.296905 1
-0.784288 0.048784 1
-0.537957 -0.636331 1
0.690219 -0.155474 0
0.082276 0.636866 0
0.883695 0.213120 0
-0.518426 -0.635188 1
-0.937230 -0.812297 1
0.240272 -0.542321 1
-0.404802 -0.662770 1
-0.045728 -0.679938 1
0.362083 0.876698 0
-0.763310 0.258983 1
0.873917 0.961905 0
-0.080196 -0.468258 0
0.718863 0.548744 0
0.419842 0.638595 0
-0.162001 0.288383 0
0.294666 0.277996 1
-0.210139 0.355646 0
-0.503584 -0.547288 1
-0.971224 -0.538958 1
-0.010568 0.744013 0
-0.075152 -0.405068 0
-0.431974 0.136209 0
-0.799579 -0.882811 1
0.052369 0.196358 1
-0.468739 0.581352 0
-0.137427 0.769701 0
0.898164 0.966711 0
-0.584516 0.642279 0
-0.975046 0.783169 0
0.032061 -0.826005 1
-0.332788 -0.744055 0
-0.791561 0.560932 1
0.356218 0.824029 0
-0.223539 -0.934069 0
-0.634161 -0.298377 1
-0.224713 0.882558 0
0.621455 0.877957 0
-0.042056 0.964127 0
-0.170395 -0.281846 0
-0.581474 -0.734256 1
0.348274 0.681205 1
-0.758191 -0.260109 1
0.411312 -0.038643 1
-0.418592 -0.663469 1
0.059095 0.094546 1
0.440166 -0.087595 1
0.812219 -0.652400 0
-0.478047 -0.811111 1
-0.061262 0.862211 0
-0.152658 -0.169187 0
0.105406 -0.172833 1
0.665076 -0.480602 0
0.658229 0.978543 0
0.479456 -0.932799 1
0.263271 -0.681842 1
-0.148819 -0.372523 0
-0.837050 -0.651414 1
-0.174355 0.566237 0
0.305839 -0.273773 1
0.810189 -0.668157 0
0.936491 0.656176 0
-0.284590 0.272835 0
0.964365 0.251597 0
0.076505 0.763780 0
-0.195196 -0.092390 0
0.868054 -0.168249 0
-0.988286 0.095178 0
0.157264 0.440017 1
0.551140 -0.655300 1
0.520622 0.178445 0
-0.225317 0.058561 0
0.177539 -0.144655 1
0.033292 -0.334047 1
0.561277 0.871984 0
-0.589556 0.859717 0
-0.529643 0.260609 0
-0.443005 0.113403 0
-0.996282 0.489788 0
0.319968 0.806810 1
-0.490687 0.316479 0
0.561670 0.828356 0
-0.616346 0.671372 0
0.666294 -0.103512 0
0.008052 -0.438989 1
0.317553 0.955646 0
0.019965 0.070541 1
0.300734 -0.109749 1
-0.111282 0.498432 0
-0.022051 0.013697 0
-0.091951 -0.293986 0
-0.105722 0.423961 0
0.313571 -0.678837 1
0.937395 0.281618 0
-0.047641 -0.479321 1
-0.606485 -0.004096 1
-0.159300 0.734189 0
0.495519 -0.930787 1
-0.116525 -0.541548 0
-0.120187 -0.487061 0
-0.473822 -0.544635 1
-0.887086 -0.884607 1
-0.165687 0.423557 0
0.790564 -0.239723 0
0.781716 0.676719 0
0.576517 -0.505943 1
-0.319556 -0.798985 0
-0.179537 -0.503007 0
0.524785 0.477267 0
0.348708 -0.915541 1
-0.890931 0.021045 1
0.749891 -0.072503 0
-0.883936 -0.719075 1
0.279804 0.659322 1
-0.644089 -0.743724 1
-0.739489 -0.350916 1
0.858608 -0.764650 0
-0.352704 -0.378059 0
-0.017329 0.885601 0
0.524138 0.216417 0
-0.608105 -0.326600 1
0.515262 -0.583998 1
-0.871923 -0.078960 1
0.068647 0.517324 0
-0.607399 0.186340 1
0.803917 -0.020057 0
-0.441314 0.332561 0
-0.575684 0.688459 0
0.230195 0.428617 1
0.438839 0.586365 0
0.684516 -0.312071 0
0.019636 -0.256148 1
-0.409354 0.909152 0
0.568834 -0.662640 1
0.671204 -0.764639 0
0.173090 0.568670 1
0.792304 0.535312 0
0.540089 -0.462328 1
0.230021 0.890937 1
-0.124181 0.662985 0
0.565285 -0.664716 1
-0.843838 0.664338 1
-0.950357 -0.886141 1
-0.743419 -0.271668 1
-0.126082 -0.254585 0
0.395995 -0.443816 1
0.127695 0.512663 1
0.479397 0.787340 0
0.939043 -0.090743 0
0.459428 0.525042 0
-0.970752 -0.235959 1
0.542654 -0.410802 1
0.010631 0.367788 0
0.707631 -0.459106 0
-0.113208 0.209513 0
-0.513215 0.454184 0
0.863771 -0.524876 0
0.316871 -0.604757 1
-0.884081 0.925002 0
-0.880334 -0.953087 1
0.010277 0.165979 0
-0.487324 -0.783472 1
0.820583 0.132725 0
0.990390 -0.569293 1
0.830024 -0.605869 0
0.041298 -0.661538 1
0.034141 0.264530 0
-0.929836 0.856635 0
0.508963 -0.681608 1
0.223931 -0.849684 1
0.369924 0.985760 0
0.369921 0.680670 1
0.955418 -0.222980 0
0.597250 -0.156075 0
0.405741 -0.590129 1
0.864757 0.392838 0
0.488270 0.918316 0
0.590509 -0.913867 1
-0.751559 0.244403 1
-0.720938 0.789701 1
-0.742833 -0.573323 1
0.162428 -0.084334 1
-0.078819 -0.941777 1
-0.464655 -0.287450 1
-0.048002 0.376377 0
-0.253697 -0.967594 0
0.263094 0.124236 1
-0.345205 0.404789 0
0.063948 0.352392 1
-0.440724 -0.206113 0
0.995186 0.477396 0
0.458248 0.307422 0
0.998443 -0.028369 1
-0.718122 0.146151 1
0.756900 -0.835378 0
0.918489 0.284686 0
-0.126068 -0.890545 1
-0.128626 -0.752312 1
-0.222206 -0.654528 0
0.567821 -0.605840 1
0.465076 0.688014 0
0.714269 -0.625750 0
-0.999740 0.342998 0
-0.345690 -0.226519 0
-0.494585 -0.079166 1
-0.587131 0.272241 1
0.146712 -0.369780 1
-0.494655 0.370655 0
0.936499 0.026530 0
-0.391733 -0.686152 1
0.322046 0.882080 1
0.656893 0.822844 0
0.813272 0.094948 0
-0.446344 -0.501457 1
-0.828191 -0.804768 1
-0.367943 -0.575988 0
0.835967 -0.126417 0
-0.246573 0.149742 0
-0.977803 -0.544465 1
0.415020 0.078570 1
-0.693735 0.403452 1
0.521101 -0.201141 1
0.294507 -0.161417 1
0.991339 0.696742 0
-0.121855 -0.864946 1
0.995021 0.001583 0
-0.825426 -0.400798 1
0.376013 0.910922 0
0.002312 0.900684 0
-0.168426 0.802428 0
-0.674744 -0.312115 1
0.441221 -0.410495 1
-0.819258 -0.696883 1
0.397833 -0.712552 1
-0.520243 0.005209 1
-0.704700 -0.623322 1
0.804300 -0.756309 0
0.973028 0.062960 0
-0.074639 0.178052 0
0.243181 -0.647861 1
-0.523541 -0.127716 1
-0.270029 0.912886 0
0.359177 0.490425 1
0.538529 -0.240455 1
0.747060 -0.635499 0
0.399230 0.132133 1
-0.115522 -0.277222 0
0.850716 0.512388 0
-0.778098 0.191960 1
0.344723 0.238929 1
0.514255 0.062016 0
0.289255 -0.469465 1
-0.349054 -0.176664 0
-0.316288 0.161474 0
0.590938 -0.068715 0
0.527677 0.233507 0
0.662391 -0.634463 0
-0.192076 -0.308653 0
-0.691580 -0.983021 1
-0.617610 0.248712 1
0.253393 0.332832 1
0.189504 -0.538745 1
-0.729428 -0.944311 1
-0.013734 -0.935787 1
0.546684 -0.982645 1
-0.386925 -0.746867 1
-0.134721 0.062640 0
0.167346 0.987747 0
0.389112 -0.989120 1
-0.702364 -0.855285 1
0.441018 -0.999085 1
-0.825668 0.388615 1
0.860825 -0.217074 0
-0.691463 -0.807947 1
-0.542965 0.864072 0
0.397904 -0.283938 1
-0.282487 0.641311 0
-0.337461 0.708002 0
-0.482453 0.256445 0
0.957515 -0.071887 0
-0.146094 0.864145 0
-0.142093 -0.820494 1
0.846994 -0.386075 0
0.156294 0.780486 1
0.899180 -0.759854 1
0.717831 0.959580 0
-0.501266 -0.144994 1
0.062299 0.773421 0
0.134573 0.107249 1
-0.833237 0.563285 1
-0.045239 -0.921519 1
0.729980 -0.319134 0
0.167364 0.019413 1
0.191447 0.646550 1
0.860396 0.450427 0
-0.253079 0.252102 0
-0.476563 0.675223 0
0.192375 -0.847626 1
-0.790730 0.429364 1
0.324759 0.458157 1
-0.801935 -0.477432 1
-0.268450 0.459129 0
-0.159941 -0.841039 0
0.849703 0.639261 0
0.991394 0.788671 0
-0.551066 0.420397 0
-0.854011 -0.687941 1
-0.837949 -0.107563 1
-0.665068 0.568655 1
0.468836 -0.759424 1
-0.569602 -0.292857 1
-0.473624 0.790872 0
0.559280 0.044564 0
0.617743 -0.441539 0
0.718634 -0.058870 0
-0.053427 0.928556 0
-0.259981 -0.202049 0
0.118895 0.536128 1
-0.823096 -0.321415 1
-0.947030 -0.177691 1
-0.871470 0.435515 1
0.553602 -0.879434 1
-0.028186 -0.757473 1
0.454017 0.489594 0
0.098328 0.832100 0
0.177817 -0.233470 1
0.286875 0.079062 1
0.934530 0.175205 0
-0.915959 0.540860 0
0.709413 0.814372 0
0.225827 0.457514 1
-0.585356 -0.133981 1
0.362655 0.220281 1
-0.258308 0.407902 0
0.445026 0.514502 0
0.015860 -0.044630 1
0.260990 -0.940869 1
0.826201 -0.524112 0
0.577284 0.302719 0
0.090605 -0.055814 1
-0.885043 -0.750116 1
-0.729207 0.530357 1
0.714616 0.014754 0
0.800919 0.698321 0
-0.475773 -0.329155 1
-0.164885 -0.888228 1
0.742185 -0.988679 0
0.522911 0.102461 0
-0.826509 -0.414161 1
-0.340475 -0.856009 1
-0.798421 0.567120 1
0.088876 -0.569216 1
0.820506 -0.265725 0
-0.878232 -0.126369 1
0.575304 -0.801007 1
-0.996966 -0.146553 1
0.588562 0.993943 0
0.000662 -0.231839 1
-0.292126 -0.219530 0
-0.854744 0.139225 1
0.135311 0.170183 1
0.220599 -0.321018 1
-0.035848 -0.777741 1
-0.440690 -0.411706 1
-0.586108 -0.968658 1
-0.368587 0.884175 0
0.400213 0.866221 0
-0.908890 0.022719 1
0.776990 0.063190 0
0.394015 -0.773204 1
-0.030864 0.053392 0
0.340617 -0.330771 1
-0.862522 -0.853186 1
-0.145626 -0.494982 0
-0.928360 -0.609313 1
-0.186578 -0.510249 0
-0.141444 0.286772 0
0.339001 0.317099 1
0.668960 0.598219 0
0.408208 -0.829318 1
-0.926018 0.368985 1
0.814436 -0.886164 0
0.006120 0.839843 0
-0.066988 0.636945 0
0.064274 -0.957111 1
0.118619 -0.016187 1
-0.771960 -0.825793 1
0.972764 -0.806990 1
-0.962940 0.439124 0
0.360488 0.053150 1
-0.175833 0.928636 0
0.019186 -0.421696 1
0.531560 0.962379 0
0.826429 0.308613 0
0.920400 0.332407 0
0.410558 -0.008453 1
0.622975 0.046763 0
-0.243190 -0.886499 0
0.631027 -0.653566 0
0.595029 0.786652 0
0.130532 -0.835844 1
-0.419833 -0.818048 1
-0.294958 0.974377 0
0.386695 0.588377 1
-0.446263 -0.477942 1
-0.522247 -0.083187 1
0.937842 -0.736860 1
-0.686075 0.608238 1
-0.533849 0.442501 0
-0.138778 0.806906 0
0.192447 0.200328 1
0.158300 0.388657 1
0.581631 -0.091518 0
0.875976 0.377552 0
-0.741392 0.554141 1
-0.803997 0.333877 1
0.641457 0.152056 0
-0.943325 0.914010 0
-0.552316 -0.437795 1
-0.690845 -0.408528 1
-0.436027 -0.250341 0
0.921444 -0.798304 1
0.524239 -0.316523 1
-0.481426 0.523030 0
-0.875994 0.332232 1
0.983847 0.502088 0
0.786505 -0.310354 0
-0.909838 -0.917909 1
-0.298100 0.886697 0
-0.281177 -0.859651 0
-0.312017 -0.579997 0
0.198514 0.365274 1
0.945752 0.491015 0
0.130371 0.697416 1
0.379900 -0.597875 1
-0.932302 -0.371879 1
-0.271325 -0.262607 0
-0.152585 0.647540 0
-0.065388 0.120233 0
0.701493 0.680582 0
-0.753687 -0.402460 1
-0.773775 -0.125555 1
0.176443 -0.994500 1
-0.438055 0.272093 0
0.476083 -0.659081 1
0.955162 -0.146201 0
-0.557869 0.389284 0
0.356714 0.384759 1
-0.266133 -0.993035 0
0.209424 -0.122897 1
0.250439 0.873703 1
-0.785811 0.147115 1
0.666149 -0.088827 0
0.368010 0.775779 0
0.410559 -0.320641 1
0.729327 0.724975 0
0.047158 -0.972806 1
0.488460 -0.453396 1
0.502815 0.884957 0
-0.229050 0.699336 0
0.245710 -0.807370 1
-0.427944 -0.333416 0
0.708432 0.417431 0
0.646915 -0.066634 0
-0.500772 0.192394 0
0.262735 -0.154422 1
-0.457621 -0.129532 0
-0.260334 -0.924837 0
-0.272090 -0.593187 0
-0.559553 0.816975 0
0.076595 0.735768 0
-0.187400 0.611818 0
-0.672948 -0.818648 1
-0.646377 -0.087504 1
-0.292263 -0.943454 0
-0.201631 0.547138 0
0.479568 0.733842 0
0.033210 -0.355742 1
-0.734388 -0.094972 1
-0.367238 -0.743264 1
-0.809800 0.522449 1
0.496966 -0.062997 1
-0.053307 0.273030 0
-0.054440 0.138910 0
-0.452662 -0.338759 1
-0.897095 0.218668 1
-0.981646 0.054403 1
0.364469 0.875454 0
0.573301 0.339781 0
0.070009 -0.360777 1
-0.309435 -0.802818 0
-0.288011 -0.608589 0
0.488715 0.339751 0
-0.567015 0.604724 0
-0.740776 0.714760 1
-0.831724 0.924340 0
-0.568626 -0.986022 1
0.605189 0.284713 0
-0.831153 -0.878583 1
0.910162 0.711458 0
-0.187563 -0.075563 0
-0.195478 0.350361 0
0.219014 -0.552934 1
-0.069484 0.163675 0
0.343311 0.349529 1
0.305634 -0.980642 1
0.027241 0.611875 0
0.259634 -0.364532 1
-0.098898 0.214331 0
0.580433 -0.646167 1
0.463800 -0.980647 1
-0.628956 0.059421 1
0.284331 -0.833302 1
0.399797 -0.791569 1
-0.311300 0.293620 0
-0.377740 0.968381 0
0.119326 0.264756 1
0.276795 -0.296996 1
0.164754 -0.280088 1
-0.475234 -0.959953 1
0.845375 0.753447 0
0.380665 -0.751384 1
-0.102340 -0.382101 0
-0.151361 0.946267 0
0.209038 -0.650871 1
-0.922901 0.683788 0
0.249719 -0.260282 1
0.986111 -0.269686 1
-0.044784 0.548419 0
-0.924182 -0.943544 1
-0.536185 -0.489510 1
-0.820800 -0.801254 1
0.794187 0.226838 0
-0.074378 -0.829231 1
0.803476 0.753004 0
0.245725 0.781540 1
0.312403 -0.369261 1
0.324465 -0.368951 1
0.816654 -0.649456 0
-0.101890 -0.061610 0
-0.981095 -0.397920 1
0.359014 -0.671794 1
-0.657096 -0.234350 1
0.725898 -0.897240 0
-0.348049 -0.010962 0
0.384006 0.960549 0
0.988808 -0.740538 1
0.177944 -0.627565 1
-0.718864 -0.963780 1
0.488798 -0.413492 1
-0.733874 -0.414127 1
0.976941 0.459306 0
-0.295038 -0.449391 0
0.859125 0.331830 0
0.225084 0.285200 1
-0.102397 -0.652323 1
0.644629 -0.761254 0
-0.766467 -0.181446 1
0.856694 -0.754903 0
0.375870 -0.257903 1
0.643182 0.467550 0
-0.470911 -0.453369 1
-0.015132 0.623869 0
0.481953 -0.313285 1
-0.322658 -0.115289 0
-0.431272 0.582989 0
-0.394254 -0.833970 1
-0.698228 -0.987999 1
0.526846 0.565775 0
0.291806 -0.904161 1
0.294598 0.470667 1
0.111679 -0.824986 1
0.823396 0.490941 0
-0.971581 -0.858869 1
0.840218 -0.024152 0
-0.850931 0.487345 1
-0.530698 -0.140787 1
-0.492755 0.633944 0
0.846017 0.912336 0
-0.614389 -0.313516 1
0.995594 0.501313 0
-0.166034 0.853243 0
0.855642 -0.715897 0
-0.524015 0.776845 0
0.322762 0.755165 1
0.238917 -0.375890 1
0.202866 -0.837527 1
-0.597203 0.241006 1
0.706293 -0.012345 0
-0.360087 -0.743570 0
0.932911 -0.056397 0
0.274618 0.804742 1
-0.354212 -0.231334 0
0.502595 -0.766116 1
-0.323688 0.001071 0
0.997213 -0.030291 1
-0.156231 0.145202 0
-0.111602 -0.276029 0
0.795855 -0.509743 0
-0.487710 -0.992345 1
-0.720718 0.610798 1
-0.984982 -0.824076 1
-0.759171 0.964511 1
0.906983 -0.261635 0
0.281583 0.389240 1
-0.350899 0.084692 0
-0.546617 0.458906 0
-0.613243 0.381049 1
-0.045115 -0.939141 1
-0.652866 -0.453506 1
0.974013 -0.950391 1
0.410434 0.738371 0
-0.569619 0.157356 1
0.643104 -0.056055 0
-0.047642 0.005162 0
0.338509 -0.234933 1
0.726734 -0.248898 0
-0.082806 0.041022 0
0.466206 0.786905 0
-0.472190 0.121800 0
-0.714800 -0.210466 1
-0.945426 -0.392936 1
-0.585245 -0.192466 1
-0.076899 -0.264825 0
0.777981 -0.988922 1
-0.906842 -0.745672 1
0.449762 0.071665 1
0.088738 -0.178276 1
-0.789150 0.463972 1
0.338381 0.729756 1
-0.603499 0.167045 1
-0.754401 0.140589 1
0.023920 0.456685 0
-0.530389 0.478734 0
0.764336 -0.370976 0
-0.451426 -0.646644 1
0.769118 0.118256 0
0.050565 -0.271623 1
0.811829 -0.636339 0
0.952066 -0.179784 0
-0.544841 0.550909 0
-0.891246 0.692444 0
0.760054 0.935268 0
-0.360267 -0.244612 0
-0.976769 0.982431 0
-0.049595 -0.998416 1
0.844768 -0.848123 1
0.745631 -0.786500 0
0.030443 0.537812 0
-0.754760 0.276964 1
-0.213501 -0.798544 0
0.836151 0.627772 0
0.165184 0.823852 1
-0.715351 0.189267 1
-0.985116 0.607704 0
0.404861 0.301563 1
-0.445233 -0.905357 1
0.310278 0.497552 1
0.776741 0.708761 0
0.039142 -0.541077 1
0.514634 -0.775429 1
0.403957 0.567610 0
-0.669294 0.256194 1
0.387448 -0.733239 1
0.150550 -0.228728 1
0.792110 0.883200 0
-0.797481 0.747828 1
0.374467 0.393422 1
0.029267 -0.440222 1
-0.189286 -0.334687 0
0.323227 -0.312161 1
0.502479 0.765345 0
0.932884 -0.646017 1
0.586726 0.864871 0
-0.739800 0.040942 1
0.578596 0.204485 0
0.372023 -0.739151 1
0.094020 0.911218 0
0.174951 -0.830454 1
-0.805903 0.670315 1
0.076765 -0.146418 1
-0.660241 -0.032031 1
-0.187192 0.907378 0
0.531832 -0.390537 1
0.845243 0.840492 0
-0.158406 0.733656 0
0.065846 -0.174683 1
-0.076939 0.626297 0
-0.709657 -0.630985 1
0.768040 -0.115788 0
-0.723171 -0.050669 1
-0.567046 0.144329 1
0.349870 -0.732019 1
-0.549593 0.417738 0
0.383322 -0.007359 1
0.380052 -0.223671 1
0.503847 0.298379 0
0.716944 0.885058 0
0.272659 0.896215 1
0.889169 -0.384996 0
0.448442 -0.386527 1
0.654517 0.143840 0
0.619687 -0.201904 0
-0.466926 0.549189 0
0.617935 0.612379 0
-0.721090 -0.009460 1
-0.902299 0.975251 0
0.879267 -0.111412 0
0.104997 0.557823 1
0.168298 -0.894178 1
0.160554 0.785106 1
0.074195 -0.997524 1
-0.728976 -0.741688 1
0.471692 0.691438 0
0.078024 -0.881705 1
0.071113 -0.227377 1
-0.043158 -0.895975 1
-0.665493 -0.497318 1
-0.353406 -0.365141 0
0.779313 -0.263906 0
0.238613 0.174721 1
-0.792704 0.335800 1
-0.843713 -0.584347 1
0.666500 -0.873094 1
-0.058646 0.530059 0
0.169369 -0.792458 1
-0.542249 -0.175416 1
-0.069444 0.250755 0
0.444323 0.748683 0
-0.671777 0.561675 1
-0.811950 0.687934 1
0.220532 0.123334 1
-0.265553 0.173679 0
-0.308974 0.367975 0
0.879122 0.161846 0
0.446186 0.699281 0
-0.689150 0.341161 1
0.647599 -0.182115 0
-0.810780 0.310131 1
-0.845573 -0.936643 1
0.644646 -0.603318 0
0.731510 0.675978 0
-0.013690 0.026684 0
-0.434897 0.545506 0
0.963907 -0.728006 1
-0.061239 0.396117 0
0.741328 -0.852083 0
-0.935299 0.462905 0
-0.384148 -0.601382 0
0.173166 -0.597463 1
-0.049404 0.318430 0
0.898494 -0.297305 0
0.021029 0.329841 0
-0.119196 0.988669 0
0.195279 -0.681362 1
0.867123 -0.828207 1
0.805070 0.068454 0
-0.405713 0.105183 0
-0.331699 0.014139 0
-0.461662 -0.811296 1
-0.360490 0.831798 0
-0.009342 0.189698 0
-0.225235 -0.243175 0
-0.800321 -0.044396 1
0.835661 -0.210899 0
0.924131 -0.744451 1
-0.422331 -0.130274 0
0.568269 -0.979470 1
-0.314805 0.205857 0
-0.445611 -0.876042 1
-0.190763 0.513836 0
-0.828201 -0.184070 1
0.067196 -0.595659 1
-0.109357 0.620268 0
0.057496 -0.489418 1
-0.661516 0.851741 0
0.929792 -0.147483 0
0.861655 -0.399713 0
0.236244 0.145845 1
0.990753 -0.359454 1
0.123278 0.224378 1
-0.476253 -0.218825 1
